2b6420 0 -1 29 14 0
2b6424 2 14 29 -1 400341a0
2b6428 2 15 29 -1 dfcfa8
2b642c 2 19 30 -1 7b034dd4
2b6430 2 14 14 -1 df7c48
2b6434 2 16 15 -1 7b034dd4
2b6438 0 -1 29 14 0
2b643c 0 3 19 -1 0
2b6440 1 23 0 0 0
2b6444 1 18 0 0 0
2b6448 0 -1 3 0 0
2b6478 0 2 0 -1 0
2b647c 0 -1 3 2 0
2b6484 0 3 19 -1 0
2b6488 0 2 3 -1 0
2b648c 0 -1 2 0 0
2b6490 0 2 22 -1 0
2b6494 0 2 2 3 0
2b6498 0 -1 2 0 0
2b65f8 0 -1 21 0 0
2b65fc 0 2 19 -1 0
2b6600 0 3 19 -1 0
2b6604 0 -1 2 0 0
2b6608 1 17 0 21 0
2b660c 0 15 21 -1 0
2b6610 0 -1 29 15 0
2b6614 0 19 19 -1 0
2b6618 1 4 0 3 0
2b661c 0 2 3 -1 0
2b6620 0 2 2 -1 0
2b6624 0 14 0 -1 0
2b6628 0 -1 2 14 0
2b662c 0 2 3 -1 0
2b6630 0 2 2 -1 0
2b6634 0 3 2 -1 0
2b6638 0 2 3 -1 0
2b663c 0 -1 2 0 0
2b6640 0 2 3 -1 0
2b6644 0 1 -1 -1 0
2b6648 1 1 1 2 0
2b664c 2 2 1 -1 423aebbc
2b6650 0 -1 2 -1 0
2b6910 2 2 17 -1 423aebb8
